397945
226874
888703
619287
495412
456171
305035
138467
565418
605347
416516
143359
159830
901748
808518
764509
592734
320423
710017
689407
529243
16856
118602
34247
985377
999908
717356
758322
355691
751430
344847
942183
974947
606258
653152
837365
315455
138477
557342
641033
323566
456182
300827
122120
289526
481275
594641
735656
357088
740750
605768
854746
286446
177856
755058
672342
817676
494877
102620
762409
406259
592970
134452
461952
47859
380750
866902
256826
658915
416377
909738
69800
689156
623829
180133
50391
894270
744084
446849
599515
351823
488873
598626
762192
890464
202028
720424
257848
970865
974290
231118
223700
520509
807699
662533
951494
950695
112296
236412
837475
239266
52769
175906
917505
790964
6717
155272
613727
870722
609418
706989
606332
483923
261067
393454
786817
520896
465108
823107
591282
983310
346965
37088
908086
601322
182589
431019
548630
638516
589319
337549
197301
41899
141308
59046
312856
433861
160847
170613
561210
172358
618940
495627
645414
281031
562224
839911
529392
510138
145638
945776
555955
792542
718695
698795
372567
837272
612920
373947
335601
440308
562022
747849
396812
196181
98550
186145
282036
699574
972236
387237
639529
63065
195431
145026
628956
169104
819560
548219
856614
307177
782490
495949
466874
449256
472907
748300
86264
425898
389432
421492
972559
479709
529761
381551
55399
547019
394953
108763
655518
607776
969380
664550
582175
52785
704342
705849
511649
69807
657130
415612
487783
461585
111349
285999
488804
284396
978888
5259
175263
648286
445528
455552
118328
179389
976064
426800
197554
230844
467283
887149
192938
908309
675958
282340
902294
848997
998422
479559
321
197453
636243
691230
618637
491356
685624
301685
636595
155791
385307
199448
652749
458594
961298
481925
398651
117286
505682
526432
667349
276194
619734
134093
589229
1065
461812
631476
747137
470
896370
683921
974426
535451
402782
879497
827571
64091
815105
408815
931549
601008
802285
612028
418358
98605
492041
45819
85226
62486
155407
863821
796939
121218
674684
233559
179418
753657
376422
438225
961023
999568
399820
681738
283891
529409
135117
257096
516891
943690
606902
197808
617884
70185
112728
141319
740602
523743
840858
319169
695371
462292
646071
885936
79957
932466
7708
695788
679694
795187
75716
298262
515163
463046
693117
705943
834054
658818
129907
55109
915286
834991
498568
617802
818817
38519
583388
142720
868589
419703
318814
472380
966999
660615
534026
344082
95019
938985
52763
504645
114977
698142
868804
237449
628994
780352
27972
857141
451815
183440
217069
660668
598549
690198
49597
22521
918580
713279
214584
111099
975524
156616
236696
79977
924527
828746
178494
28315
999935
915316
633586
208283
546881
348373
244022
250810
529152
840065
813771
965324
199172
257761
507209
509006
702118
6402
34142
275478
251804
854923
972896
666194
624560
183927
159958
606236
101433
539714
720653
781600
923602
197446
737221
487915
105818
237732
615410
228696
941585
263975
287738
592296
593633
185725
986565
780017
190368
133439
366969
838135
232852
169293
724744
187515
929810
853410
149632
658686
470164
859007
499587
763163
151977
862488
187166
983630
622746
962819
300254
777527
726144
540045
466859
689011
61132
469575
72604
583878
553796
348934
305447
211002
43621
577123
149817
767981
783701
411932
449969
34160
891417
88952
143721
443510
927980
45282
930667
926909
303385
181170
732508
947278
463703
216038
168413
39114
266892
907576
92208
247023
268820
578439
479960
613122
46566
8534
703552
318824
452989
734163
3359
337926
359965
304996
908203
876689
737598
613824
82735
124363
149117
296519
740787
809007
567530
704887
944577
57535
822463
572670
212553
887832
667424
18888
166843
178345
587028
569263
302626
423710
615893
687038
456684
776997
329145
789783
455283
272194
895179
314138
262735
381084
803867
304285
91821
20819
415972
113094
392069
609957
906800
812321
282885
802085
730403
477222
642502
895080
342598
734988
863815
312285
992558
178463
46104
918826
123835
696982
130564
399313
118515
62274
933384
764156
332688
988887
217871
347141
277420
631744
99083
448945
741985
809898
761194
721181
284646
429878
388123
427125
938881
543437
120039
610938
600279
998144
401802
642367
451613
431585
367685
622207
362292
400499
850624
618768
249283
526280
356159
274151
645963
544829
937521
380394
518879
961056
477087
385819
477957
947254
883242
260522
79592
926164
255356
77360
849287
84406
675196
223002
959280
993086
26942
768253
490901
601915
385941
204307
103083
708558
573675
410735
282119
427496
365934
464989
686754
525524
470673
599930
574937
483402
72738
844853
197114
213757
626458
649160
929211
183131
187090
164151
166237
542123
339717
201278
512195
266134
675063
701176
484603
449778
325574
969461
18027
342600
587407
952148
706442
603705
820369
19577
414102
164903
807495
738027
361032
518564
896886
934642
680575
580232
442783
309199
707890
140287
476908
70219
921821
868105
179138
133876
58101
876779
853207
18487
670210
128238
245576
759736
749739
225268
940359
352393
656509
919704
109916
38954
771322
861847
349029
248585
478603
119936
144213
864977
727205
417771
524086
206514
71304
680889
819074
960127
283451
260011
65829
714152
404749
307792
501160
437105
2934
921988
113022
376869
565248
566692
642720
447710
414744
457141
145007
165090
591169
404798
647188
731418
970603
216763
582076
573605
81322
765973
677280
783494
714256
492114
298524
599635
983904
252264
80574
860719
796144
881140
338566
493761
47428
292604
50107
767666
98294
517645
60905
25883
366307
836729
856238
870630
704886
441552
39849
402764
161276
486023
562033
85649
742443
872558
579990
503065
299039
752419
987352
935333
537956
287814
548772
307410
89099
824003
117637
838538
604857
696169
122394
55457
788022
613288
655063
121581
586093
161188
36049
751813
920372
476206
554952
247233
211591
903264
305657
935646
400079
208503
472832
950093
665736
844970
999795
880891
106500
329733
644881
228061
924114
139589
909683
375627
603828
34464
518899
813903
687523
399643
844396
701028
699357
545138
786982
506182
812994
624839
886789
334074
852954
496101
404673
283541
394471
480891
217688
332292
659990
797545
770025
292880
167490
987947
87744
664042
517998
684505
516751
489698
375651
758903
225858
740321
709478
462178
890439
366158
19427
623514
570391
479996
660517
493521
683378
467484
234513
340102
261420
114871
737706
667852
668336
719993
964514
712985
640181
535188
774428
193089
255187
954177
813664
293781
694679
153651
121641
901660
417398
801094
761200
554109
931151
228483
570307
873034
479787
341227
209745
89850
430634
475726
844933
176443
403611
847808
455264
682146
173437
39511
92194
33324
471839
858579
485085
36439
975496
351632
673779
549715
222385
590808
378598
204754
868300
658173
363933
849692
466032
90003
47250
888104
610925
696201
379989
996145
400999
763888
831660
583673
232419
711344
655430
236631
603710
625352
742333
373686
333910
192476
61721
470003
94996
725229
349101
