772094
254979
143142
98302
126207
403481
687624
246389
35576
594617
747219
703100
991488
130610
158909
714303
550498
935153
892191
699020
226864
52939
140036
577571
607630
401858
866237
350177
776661
14332
614223
468643
570121
536388
604217
652125
624133
52036
571508
268932
947200
138373
671436
348539
58925
597188
265087
310757
635280
849165
754101
603909
27533
957231
707135
858306
186211
867609
721188
605861
853097
800586
718294
915256
914919
72781
178656
491422
65726
490844
537961
549491
210840
348530
422467
587192
233937
938271
656035
129055
625403
398017
194683
145923
923975
151993
337808
689652
629842
200496
611655
471054
676200
779585
863795
350818
214839
686842
795865
982661
740243
905405
492801
320118
428162
261106
649400
657610
1546
875258
108109
855406
110066
537946
832037
804749
824197
28649
695573
908432
792416
957628
610422
423543
764355
257852
41259
341908
372661
13308
164894
320064
435413
452576
569427
336913
361836
537504
343961
154796
210116
774343
827565
736777
360724
258455
98601
417800
15795
150630
429220
545898
196778
339236
950978
940568
529193
577705
629410
885509
178095
872741
270781
583943
53717
174625
50068
525364
202647
823096
237331
420186
818030
352074
617053
67292
965365
361227
619731
861261
845430
541174
120397
515203
281261
897945
854909
741740
113432
203745
297686
118097
652055
997591
465377
782998
408041
505321
709357
817288
991504
447716
352482
891917
94537
490006
339949
871382
339260
351711
653191
593558
894571
865114
150524
499169
313765
46368
346915
452381
182422
989489
30322
229355
55720
963575
225538
495180
818214
235381
671928
573653
103751
322091
988890
98792
335600
694229
308962
385249
119596
442426
716419
207387
547306
926298
295235
553358
325387
405375
100133
545989
331066
758745
87504
562221
373495
985679
182080
458168
17215
223036
128920
294486
126097
357477
3034
950545
744491
435114
186239
225723
262765
208328
447257
6615
133096
973945
415576
533178
271065
688297
62420
250605
982206
511080
500813
860065
464123
893426
213242
707391
164219
360841
971902
979803
141007
646115
218522
629048
582752
856878
818463
682835
914129
93691
163393
945245
54519
792221
654987
420865
421323
722245
346024
385366
947756
902754
934655
228423
983013
148791
918813
417086
876399
510339
41081
501000
49183
187314
467253
856050
357608
687877
720127
60767
268522
646596
274784
20424
178383
732862
773099
862861
64814
732719
25681
212529
29130
878654
150558
109695
582142
139451
306428
17297
797381
326101
101030
977282
765394
132722
835522
390496
260103
425894
971563
651526
676489
217710
347732
492628
62418
684723
966074
870868
81043
163332
503343
640132
186504
695698
864878
100787
530410
678020
189714
344633
308864
880017
513931
246635
394855
103934
284161
469307
894953
590119
492477
87572
952373
525034
533173
522159
738440
175196
321177
202526
763519
620506
978761
215583
715615
108985
820513
343266
603910
102364
200798
527195
610386
796152
703844
196530
879849
178910
95299
870490
732942
983274
844673
439084
163925
337680
97247
355789
303627
869437
733132
456635
9561
86805
59160
374209
162236
405290
740742
353368
982009
749436
81442
496764
604944
452822
547560
300845
267474
780480
723378
9942
228027
376075
127805
271720
467416
615343
233799
818957
237073
488324
982273
162970
69231
874839
631961
510781
499012
186069
957382
280988
809384
699549
697204
450058
443753
711557
561500
557689
456021
910683
190404
102258
68481
153061
943118
91631
455915
555412
493600
765421
125254
303876
535170
191259
345122
226847
102226
494534
770931
87314
500387
714718
912902
123511
83496
750810
42699
160390
98372
830062
499422
713080
653783
193484
636024
607590
176285
142616
646951
402099
516200
576984
991805
594778
844292
588260
99598
761983
832102
90971
710076
527562
340085
227794
710839
600892
721530
834283
888146
194258
613640
272590
614904
691936
275678
345889
335551
595657
170488
567392
173259
137135
457647
963107
313539
221057
915037
678797
166476
860196
523163
333504
419221
161062
604894
162349
515513
916705
250645
293138
19523
660094
401730
395480
903449
524199
15685
297301
294571
835787
813506
726902
691375
765611
246219
144257
752354
694493
265183
265684
438223
92414
549090
401082
408289
44370
714199
374634
275172
613530
32162
981264
606434
308704
203638
100314
932019
306207
751328
467099
97749
549452
846916
789898
663905
834425
230058
667036
340877
12460
613064
739832
559921
916383
303279
109878
372886
215932
986930
475567
819560
493375
904750
147921
479684
150442
62269
876831
20690
208337
276572
348099
257954
415229
16166
559338
743956
70208
30299
246262
333513
532151
627240
706364
809568
426917
799910
136867
636599
203764
586874
126382
359786
307832
662486
227976
291545
720438
277244
333560
434131
961651
9161
973323
91324
971907
540044
427219
774576
364445
516061
376965
859331
160192
428377
948666
268263
406991
526703
769427
366017
961865
726931
665557
369004
214575
994911
124323
965027
685598
971909
77026
470664
935800
175969
923915
136361
568779
897576
284494
745037
61270
877898
346849
154181
714418
868885
85761
244078
213750
45885
356208
602327
837248
641065
271779
794787
987389
683901
94664
325991
687824
642418
118038
208390
864082
198436
762143
151527
576832
238918
893921
750387
14562
582911
477044
36586
357331
213945
176179
893630
207150
596235
611211
464496
32286
766118
961578
217331
918308
921415
364367
281359
357480
895847
614824
64500
17674
592830
986257
439826
386949
441147
37688
806041
273354
3563
170417
563802
699039
761806
958692
127313
252751
179005
771356
705826
948157
666501
267776
633317
507507
981237
967083
962625
92298
226220
714198
762244
703637
98617
451982
405440
152526
923165
621586
665682
76192
88123
813632
438660
809121
323216
888792
885670
566757
437481
738562
876867
96016
621753
296557
215901
880852
272961
234414
741202
41799
156700
733308
467199
281464
108343
813388
748072
59748
18841
186329
128664
142184
356757
614773
162301
117884
237824
912716
42802
786049
806984
767537
926806
831200
625544
948338
845183
15347
722957
784761
658228
854513
490434
411091
542214
186202
184128
178388
605725
918994
694655
448639
190737
867493
868089
949705
402270
834486
50785
532156
438767
406440
364778
231288
547611
879401
341476
549378
482478
211575
685727
489995
339280
595341
442974
983535
943415
155556
274214
271884
524834
332101
991794
188976
10514
524975
657283
750558
167451
933699
296568
713841
466331
144920
819705
292570
545611
571075
793503
312604
104522
502877
854357
584467
844665
789797
934430
683993
914427
99812
840521
768045
553680
736514
755319
346305
173819
273510
692984
923950
247347
524784
597829
802436
472143
754587
61503
439294
945723
352786
353934
66445
191866
425949
981643
772570
969595
641242
340011
934829
990115
226470
700115
763488
587562
935377
622516
258731
32799
976895
672311
762749
64442
444332
17987
753466
985973
516237
876042
72375
426428
949160
749088
454350
816606
712645
399728
279553
183296
675204
746568
934589
101074
895727
86445
749097
628263
74338
487332
938775
577030
553032
176684
608304
310455
137422
981789
245630
888503
382120
460715
907875
425737
178513
52478
292903
715015
630736
43581
380187
831749
392629
649818
71633
38151
144920
443044
602631
212427
545909
473044
574816
81858
994716
856852
721624
648001
68352
137651
705489
775743
918009
241435
579518
469596
69371
410007
98986
764388
715962
57083
30191
775759
225166
61354
298970
155352
657042
722047
691350
655141
421916
10985
791270
145954
554139
429208
742220
682155
46395
394586
219453
615334
600443
259236
242168
412112
270139
525469
865603
301563
992398
513401
772770
90209
93371
13929
481830
470483
52653
23337
247481
744674
639357
15406
776022
494172
460505
508948
363830
746507
387320
402228
204351
629702
621004
251351
90355
500342
562645
583382
66447
401368
1422
245716
835535
710682
72655
790507
802548
130330
952492
606626
932169
203251
852090
76265
843494
896791
401724
214556
822320
801481
694982
848302
408263
972023
157368
231533
112743
19596
456014
668219
150285
754002
883583
453714
533360
65508
14990
95871
164769
361506
238766
250851
602638
731120
612527
798117
910499
751108
633052
676650
419080
846704
581885
335206
594070
341697
676214
452549
302453
931377
580969
607696
330875
158002
148220
363893
409392
325666
62474
49363
245291
353940
443346
798787
90759
433306
403175
196658
633276
45946
883683
602363
971947
663784
294855
16414
855036
251442
90100
353734
790459
233250
604503
299831
361687
419031
830866
5951
93356
49941
237806
374040
989303
792395
820064
112472
233019
960652
582010
149709
195138
421450
995248
227376
97947
911300
768797
608208
184822
974901
713683
160663
82565
469393
930055
461067
183790
357653
963759
571888
252516
905099
994443
414292
806293
297713
777910
469171
340519
741563
94193
402597
723519
822575
249194
691856
471495
686290
374216
824450
709152
612665
340068
545328
558704
398598
129710
58555
428586
816335
727841
525984
966730
857729
190298
863982
874006
926637
359549
675021
870235
280947
4923
476868
735209
558099
950397
794533
625486
953203
762391
53565
774143
265039
491737
980763
916498
422351
402496
929130
432303
381045
134981
611215
918932
269040
906011
559880
198706
67583
452804
449311
283379
591774
659910
741151
72609
780090
784791
314377
146855
62828
139831
398777
469403
142438
910425
247599
987084
520773
210426
771867
734813
675264
885552
982390
870903
820307
317224
736399
958483
709386
627231
134390
958468
908140
642390
522795
145529
559084
840953
385722
4216
203906
654606
899718
923412
792062
384861
804791
352124
389459
716441
973864
143330
809242
341949
393482
286062
479244
328067
978624
353425
659290
26666
428886
907102
774399
239176
284092
554110
636348
871228
144471
897417
933876
465552
831738
930729
848313
549296
853000
834523
878657
281247
247734
520750
121625
623804
711773
531644
350651
207947
595027
500179
656181
554188
640646
712230
823694
544223
465864
458497
430477
727828
468032
689122
826441
51914
497012
555883
957042
753674
817591
368752
8249
245598
228342
205205
879391
61613
85412
458776
91767
842718
473936
872045
380001
90961
638966
386776
280222
909004
41186
650311
170612
195605
626203
432633
159738
304799
543150
366838
44055
341407
762682
519250
47111
533907
769485
100607
640205
941870
416023
775402
227522
257177
227285
649976
614728
831952
866859
853003
867340
559226
774483
721181
441484
181507
603537
510274
196685
694644
5071
773890
741843
259696
570649
239237
397424
292282
533806
539300
154278
682668
492677
935128
832750
10005
332663
719147
542988
902581
676330
426556
464252
370015
777543
767085
998334
590591
765387
865515
979503
226598
209013
462939
369127
636750
145973
459373
536785
823895
276489
491518
383531
391343
134630
105535
23876
422196
674625
678684
802425
35995
72393
112322
512904
268446
232529
627066
675868
293102
610418
600529
670164
98349
148325
40662
464433
504090
405518
516285
359803
47137
647675
1389
509493
359863
191772
68572
478934
644752
805009
31508
763155
883284
14191
710507
289724
605954
640004
41569
434063
53458
421759
69521
255545
552295
516828
291373
154613
4495
691424
478035
912340
604354
183669
630377
49865
944047
130605
31031
292900
717296
780052
172480
40420
877643
421379
230663
205901
328315
136784
351818
943903
872780
300710
394757
28056
424495
470582
285080
536223
622133
801024
634956
833531
950830
659380
213470
799871
16207
703994
461222
762135
900465
839580
760701
578203
204961
377441
304478
742588
944193
739037
604089
898606
863477
512827
759181
53881
168780
324654
524832
465612
677600
541152
451707
727676
470460
619296
905293
235468
466442
320693
417292
970137
234963
962002
437957
45006
278388
561527
408977
943139
815181
162193
214597
180581
749757
416870
647019
123698
494485
834164
792036
548287
337156
598820
393975
162866
213807
716070
43378
798333
47425
487272
311007
409906
345795
637709
916990
829098
648787
61659
64833
734670
312276
461571
679176
418980
916224
155712
398727
507284
554523
503928
417206
771387
646262
574461
238699
917750
995702
995649
150342
909963
795768
850514
381377
555687
508747
478007
918522
249076
495790
506578
196636
749536
307230
99358
414227
976410
310151
920759
533118
549107
867212
9537
269086
790882
280893
403748
639352
323307
512863
380359
692719
731183
963212
880364
192664
271704
329285
488806
348557
356059
347460
589815
496104
844956
369660
881780
849588
753577
94874
843247
948158
161553
483653
232744
239844
918705
103017
337837
603076
64407
484132
904722
350121
630996
988400
920273
324330
890839
921216
125736
150528
180148
976682
455381
3227
50900
370362
670799
906496
155551
689525
706450
234802
354918
436752
979859
769497
782416
308895
484625
802247
397906
907294
919728
889771
898223
22832
687754
642145
70878
792901
965604
472486
363189
157098
424210
260492
844792
319476
736844
757304
702062
363595
185159
88255
728848
720179
401497
693149
19888
812710
504991
584475
431984
208748
294554
8875
771370
565840
170271
985558
742589
879904
628934
899002
27167
310865
799739
131867
334126
157733
758200
733912
425055
527001
472374
932709
348938
239293
479631
14554
480994
937766
67275
946613
181575
520819
34291
381375
148534
968988
393276
901389
771502
934353
5409
714680
894447
241621
621967
925297
955526
2108
249801
91707
733312
217518
688117
929557
737146
872791
308594
140781
946403
290521
145015
403965
56297
837165
826644
987406
18123
875932
716620
213675
472314
182239
865964
953412
640110
449594
998406
719764
95558
84843
44629
851867
349535
810965
348271
272867
634568
932506
23090
389000
210449
36750
779900
473045
173030
487420
144029
790652
532769
30779
779746
879286
715
206938
321529
499195
394552
559724
665750
319071
323381
345120
779650
397087
767217
622878
467879
489767
22843
707190
236921
146774
651173
45298
304894
558857
345497
18105
84829
651976
975340
512622
607790
515875
488404
272603
859648
550191
425775
423794
538507
449907
140415
665871
738087
276877
565542
266162
385401
677005
794364
288426
388516
257697
438092
329446
984837
964111
43670
269919
288574
881573
344376
373991
874692
379053
243163
376545
923632
835552
651321
808571
730953
309114
753467
409015
628844
930590
735563
537216
69335
301140
588469
816964
603838
114556
680104
973809
228612
913983
420838
67254
25430
48394
296863
822217
590815
155099
127167
173641
105783
156064
702180
543737
674150
275988
186714
624520
954544
147145
672201
945420
797378
661950
410571
334638
787959
968606
596167
498290
527015
922302
498957
495587
519459
140640
843321
929654
866472
218749
152305
518904
170886
63123
648872
242959
939464
819404
779725
972403
857631
409071
744249
489839
921550
839140
516158
183735
333361
709876
731893
929979
298851
979105
823604
33459
632457
453337
590212
749463
516869
80250
278818
434662
574718
505757
873378
39733
156189
829459
309338
553614
260422
168937
604570
119852
283933
443974
917740
317034
196109
119077
763138
953670
356153
682815
945507
729358
477220
258261
648250
676088
609256
41546
153096
385097
330168
113771
432280
188330
248014
438721
650235
804173
648915
892605
74433
379742
70016
697934
422410
522507
230043
399051
301090
419091
377435
878157
8080
412573
59703
500521
384443
619382
48286
844859
985489
772042
89393
927930
174655
740451
431177
879361
253011
482976
69333
76249
732908
762426
778869
649773
81684
999950
532080
495769
387340
678187
324730
635914
11018
486354
147605
202870
640631
743733
126274
786486
445793
179416
153929
885498
326157
563943
947938
193352
502728
623482
666811
25515
496662
436113
894433
17404
571489
959339
256834
888232
957843
280789
455014
593811
820168
315955
223500
397037
95905
914788
297116
206447
554792
861490
548192
936112
159348
185462
927539
224301
556713
766907
847465
724167
934946
780375
879712
727991
619116
714101
863760
542717
706215
35940
23246
244771
250304
38157
494250
421019
35960
465640
253523
587197
228704
509639
278714
405065
903094
218277
33212
193922
775004
833260
535400
813323
475109
375805
856763
816072
726301
483839
965890
119960
823695
985419
353911
284078
693682
994027
880124
93139
187769
745244
68673
922223
138533
28580
641391
920197
643802
254391
795186
506857
93893
815352
715922
527204
195687
491887
358109
425077
24348
928747
470351
88544
323660
62614
342243
366242
351871
2974
864920
781723
707372
485871
459583
69329
110893
155797
273149
266772
420126
881158
133245
572893
737357
387864
4066
583497
176338
945972
879068
870770
203595
814661
887422
66083
294948
677151
604514
961942
195128
470876
110463
9277
385030
23847
251429
27474
154283
452398
841158
303805
495714
970881
735878
981134
329449
572525
576961
665946
202821
171003
238442
957004
645513
137905
11878
51880
64983
431282
8479
559518
298693
543446
51300
521584
340462
377766
435045
995839
842826
290735
351116
300376
486528
30093
694715
577005
283069
35193
458781
329353
395803
285299
790778
822376
198396
702746
637271
522800
486092
391525
353140
871012
684402
62474
547997
237003
808543
159817
519637
887402
968058
729713
667915
411701
174073
227868
987983
657512
919690
237591
905178
499516
300135
259389
389493
641606
65703
660049
472280
66720
634745
471020
535924
657839
869067
784651
708507
197202
105936
710877
631889
488990
829260
440907
552953
715101
745219
573615
905990
684462
528583
974397
114081
588875
822295
328484
549680
138455
949024
251835
309342
636753
983652
879309
74883
236750
691825
34001
430671
851309
737629
738578
898417
404297
196715
555790
861807
972327
518990
13523
343972
965531
646703
647406
791031
612399
119208
479687
267197
513160
33901
465690
156384
419238
589306
695243
979931
587740
169806
519424
540949
5742
267961
285095
81320
237298
752698
146516
258222
79851
574912
262576
850721
328981
732753
545049
9574
759531
143355
166746
614050
978206
823718
508171
551340
369436
313755
106624
731825
110964
659590
483414
543192
792575
281531
133901
624143
230049
3407
570417
353243
775617
777555
178553
158162
215714
274781
538980
536249
604332
66682
669680
287008
882402
741245
35417
977879
703581
18040
462834
352456
378436
56925
608943
355554
13847
325362
13501
707525
906952
406804
842536
230213
624565
591153
262281
400893
965653
559222
740446
130892
616875
960918
209635
576466
411933
343449
393941
793587
361764
286424
758340
990511
185089
792609
922614
116953
48879
823875
38830
711623
640680
610411
333286
914296
515462
831664
991594
898512
985352
398378
876819
89295
823688
213607
316355
962398
358245
984479
227596
609220
621606
899878
268746
433241
639254
245038
872685
76295
746841
250534
535517
887987
193882
43033
744531
715919
136730
698239
374035
361
602830
509092
60971
263776
142876
892806
963967
127594
682665
688067
377547
57611
967330
416922
508116
509750
900480
714518
398669
702231
117466
750938
410081
629167
915240
478293
639520
635871
751458
171886
446172
369262
938086
582376
724151
457825
796604
478499
33453
544844
108706
202744
741176
567209
289416
933867
900396
664365
990794
601699
809772
321310
179571
606416
721406
578864
409903
644363
390621
478087
84698
411972
933379
326894
113182
679102
141841
177812
385868
429363
290558
356715
885613
172970
68298
287705
482760
665900
978384
829183
913298
292176
123561
607595
989435
727412
781972
639316
521860
602695
929416
904734
494322
14652
107895
531599
953682
46877
919314
447005
978337
859959
290308
741220
136095
267147
311937
859987
307827
397391
833954
584602
626666
86147
683846
935611
672504
716914
735070
927086
99600
288719
387431
339136
121071
395251
778772
60267
360337
900924
507325
784491
346365
131356
460955
535600
209170
291357
123752
557173
175897
882016
305756
46781
9102
302743
780324
672543
908904
430987
528368
833656
861497
744317
174295
151654
874877
559867
564525
273288
572386
943415
446815
786732
732377
859397
338752
167254
544290
480615
7386
206952
91913
564588
190660
1776
822430
809215
678269
473699
288149
931968
537111
108199
712198
803312
754080
530621
345785
507891
440364
176724
117956
876183
560614
302971
703870
97612
880088
773922
509952
920537
847626
604545
989177
514773
94376
462231
816455
551779
918028
551639
877151
804199
303923
43244
216069
214776
331297
310746
409652
383453
242070
660511
253979
592506
122099
393029
369922
382466
708409
95409
94539
451487
786526
966757
221848
816426
154697
722241
600144
136614
813376
489658
154157
166761
588605
584552
833663
284826
782301
758696
801718
814321
292659
522498
3457
214732
542369
920533
283456
68183
851468
323736
214529
559766
463457
307894
638124
318818
458910
164419
410434
753731
742355
52404
555557
838249
28020
347034
644909
40348
373005
387225
394264
139432
15512
700064
572413
17909
213022
506875
195388
786260
490093
552734
380805
559680
396115
544124
837953
665540
282332
188045
979536
378762
462384
349015
958230
913410
185948
129311
122473
411321
33929
558829
456385
937736
459784
333781
709866
894324
418007
22033
159741
382887
12976
431047
862789
983844
893448
975956
560856
327848
62599
350019
239471
847729
185424
15546
892839
361032
375603
615833
867198
85034
892504
108784
732135
632057
838939
129944
159666
544251
220073
367047
563816
666204
416837
173312
434805
459874
737952
938199
799949
701886
809408
729299
283632
748656
879911
723964
12469
520116
941051
971646
858264
508402
471272
787610
458512
569436
259510
4220
264346
250476
664521
486589
690654
66932
197491
431415
436440
402266
732247
986457
594746
285786
425233
78128
691405
49845
780428
948703
734735
29923
746610
313083
846928
812346
822623
736325
492068
993477
574277
283660
761046
496622
91503
185515
837226
165162
894717
605811
568602
318399
888078
577697
369688
178628
212892
437672
650221
799389
548506
324257
17066
421657
704905
649642
756607
184007
292117
112828
758592
440228
448765
517337
198710
958572
375214
205643
196889
699984
979666
609431
447596
208269
230762
138588
291589
63119
740728
745673
784434
106150
121168
215452
576795
308441
427557
589524
986117
697472
889707
467046
181754
185798
534452
107610
548040
511898
395913
218954
327966
652368
127141
210367
62645
842635
932998
550119
144936
226826
309304
633533
897339
374770
437815
873553
677933
170482
828646
158805
703581
611365
542579
182912
981753
344889
568461
924566
891693
451548
425860
511759
149829
438222
861502
602792
360048
872442
109087
624653
449801
686259
226152
773307
271087
222339
605026
753671
640506
420643
204039
140639
398383
443028
618608
314412
739855
802492
310708
606349
987876
219962
975750
994708
80760
875567
103898
876474
586653
927865
602053
368672
144910
952800
49567
50805
23229
588718
907170
394903
15411
573891
947850
125902
861686
615510
204939
604996
613571
887269
956964
60108
83181
360524
577345
946758
800069
104166
630978
531494
456287
547176
116722
960764
393232
237252
144796
978590
690780
63130
425709
377890
194246
261000
852304
908799
917995
296623
759834
592810
71697
676907
857162
557052
346363
361364
430614
344810
847062
923626
957006
747292
824270
345771
239596
114573
142369
308132
337790
776726
880858
102592
650706
487879
930373
105460
903313
884387
242063
479832
922371
683270
684997
119484
6413
528823
2698
568236
518594
252605
155518
133591
536253
848077
622732
185601
975900
344913
138085
529958
710414
777502
217515
578241
49847
904230
615835
645100
351615
328633
182575
473446
29306
697278
883444
235528
201943
521545
860415
928142
830365
275358
340394
648759
870386
897804
862667
280538
625223
969610
555999
430728
872602
396161
664989
784887
587565
740576
825910
229414
488934
203882
54658
763083
375954
680096
955828
933628
813428
212951
909054
795439
952545
668684
267748
388115
340654
144159
870339
97862
572749
967406
698205
391649
503020
834445
159183
557207
685464
720037
625885
933088
893609
600223
667556
988628
596260
811694
220341
156632
322171
849530
809374
954559
247748
826372
148625
975774
39860
74871
489325
356675
54898
39793
446618
738366
718790
431774
463709
464045
561900
343397
332020
424388
929579
132935
849540
279964
976461
756346
118037
827550
682958
140223
104666
246543
865415
75326
643636
57849
615025
40557
220126
272100
239339
93302
924132
199304
94325
281762
105222
986770
490939
123364
763396
332990
805678
673494
538166
292569
71139
886226
615921
985079
3384
956359
890049
673463
690992
59378
837087
147438
519884
68935
579686
682884
652087
357710
56892
862562
648933
323336
675864
795462
525575
986842
537995
3460
899556
248646
45962
141270
324494
267071
191817
547359
500192
838528
596194
695297
208991
653535
396523
621098
583173
727078
872743
216504
396219
684236
223513
623300
238846
223759
839340
420989
415577
113089
103114
120737
368843
33503
780096
889135
279009
146211
987093
359300
432013
537591
487302
747620
904619
803283
215510
843996
982628
201115
346602
554153
557900
887816
983261
315795
371033
618221
665896
602863
106458
817355
876921
741580
417031
651049
200301
285885
209372
694195
190151
709822
154558
226015
779465
215303
363596
889800
644038
171205
844173
121
41794
934048
88718
172103
957131
992468
116291
13560
22387
669301
439627
15366
225744
671158
906807
28583
842107
247910
430481
28897
538364
354531
755493
532227
537245
550255
402395
424623
297971
860414
618961
109837
333321
700808
205617
114318
13219
873391
111594
106193
841376
209021
531
465449
966456
90508
730343
912287
827331
465398
420614
557298
54918
171395
275424
359713
553982
770392
296532
913331
3675
816177
186154
863544
178521
376474
532439
910746
517714
698059
470284
303237
342457
227591
973177
14344
725821
565337
370799
912369
552243
396179
372443
248640
342673
859827
58583
217595
729201
723725
753662
770844
610998
494756
391652
792924
445174
9680
847379
961243
882680
998928
147
447013
206414
296135
342238
67284
867113
163733
791155
794753
62963
957263
51355
578240
318138
221531
628197
989820
836403
53755
179985
377928
177585
186200
32284
696501
130085
371789
502756
525255
114393
331486
943912
37506
145895
199104
478514
257641
336257
679283
443799
666865
845788
997970
306305
923391
469817
621183
889597
242744
336281
244406
502829
515807
793409
643327
441844
227517
179219
682497
44796
777626
9799
477504
892644
873994
115389
300031
412219
231288
866703
612625
50020
347434
317703
356751
547232
154599
59765
30052
651991
471170
826528
832256
536286
100893
140458
822969
519369
670129
877516
256753
751413
166247
561489
173324
444361
506581
518
147210
665444
358740
29195
334402
868882
276868
581710
814198
262837
653353
922413
748867
355063
30573
732657
500660
537194
759398
721829
291957
110868
767616
718757
252805
522103
689817
881826
533478
287486
96407
453630
412893
323414
19640
876058
328890
698640
939014
2024
73875
675463
515968
358481
457530
306583
686986
723617
996359
404749
64456
585914
67976
493190
166838
907257
131929
51396
417037
687194
292429
475806
746159
513676
979036
673051
53319
997299
604914
780946
222395
588855
681791
800725
343484
865271
632717
457476
345640
229530
579089
835952
70056
695885
621379
504872
551289
680012
928257
911769
804202
180245
777734
602524
368748
371142
373850
325232
262345
647512
635563
233119
3375
460998
929607
315323
497573
222367
431551
925561
743235
815856
511764
191394
914367
171621
406082
155636
949063
703670
757262
74722
455282
285313
871589
15283
908498
736761
689282
75279
568708
832101
997792
949500
804077
961585
727306
316997
573273
47602
985625
377872
635538
107897
923174
958382
782472
163065
400722
209363
131986
124749
882887
628171
693567
535889
978889
590734
550135
223570
620580
36148
423706
216394
844584
644344
497951
553262
931029
23648
741198
554524
809722
320664
39395
631312
440478
707619
663767
226914
339455
982805
313790
369908
797236
715459
73494
926979
98143
802247
359612
33050
571830
24665
702972
117448
705488
774224
944552
849937
377510
966333
851790
14782
497536
256951
685227
979697
800685
799587
845937
30975
449630
761650
387905
283942
563186
2382
213342
779316
499067
184298
762372
822129
900320
571682
224868
494632
725517
159461
401541
937781
249727
658409
774193
115903
520417
598329
265863
876038
323993
194828
725184
621222
12093
503799
974576
848108
474511
54206
12714
773939
210874
840444
873513
589465
22107
584562
320371
214877
793103
700129
661092
577917
444812
315205
579108
957333
979424
55465
414836
240413
321990
389210
155679
313333
689631
246958
884660
813307
965119
781659
168230
362851
217735
422212
421010
95497
276712
197606
377111
269960
703461
808188
350717
627420
885135
614249
159095
203157
211077
661782
282354
219472
803283
619440
245325
294873
555369
952085
618822
385712
861512
350322
929207
199193
99474
948812
195492
762348
810794
981265
902259
96982
162832
615215
472309
777471
193023
853537
84051
76794
822657
635664
118877
678274
691997
273007
741972
87049
107369
603116
411641
743728
621420
628439
781265
168433
716279
619985
912402
996251
341466
816893
240217
538444
83499
540458
986937
975461
700052
146629
258201
678296
15899
669136
163901
441999
572466
333402
566476
111161
442435
900510
645752
809268
319092
461971
315007
529671
593541
531879
414379
308261
358959
886309
880433
33952
493214
669888
181369
620982
177021
156014
642928
56322
557780
880057
419445
363863
106599
211162
981681
924203
696184
960805
932309
178651
35293
39624
323637
63170
591994
45201
57187
811257
806989
209745
131458
584420
42788
242108
383636
446904
598165
982821
184839
652969
693543
11219
283544
425774
991932
828978
972935
846282
981500
807968
518122
713893
408912
848675
69671
860216
976539
172402
59463
426605
107411
606680
988866
120849
109419
279663
877961
320060
97852
329837
137406
906479
207740
571300
251544
368573
947738
851714
604869
182656
66321
974936
125321
296456
25683
490728
697115
198913
101749
133154
897465
104544
153724
989134
96500
452910
828166
630823
173977
265872
817407
86595
51170
573579
692192
930272
105785
685073
647426
850433
796473
931036
604035
103421
517546
775180
203591
681101
336303
712379
24289
158027
453575
664779
956122
163685
930298
186621
370788
701694
289328
753334
98599
501390
594106
244115
634262
620164
191703
905004
818720
838746
160863
528490
314762
339623
207777
127645
138114
889713
906319
995175
889976
432884
523209
300764
767925
892666
637162
328191
900616
573991
94243
910506
700458
267215
459432
447838
530037
442384
140987
643586
125646
446492
438721
132815
591363
497104
566691
389907
284329
946458
442015
784633
386375
86865
664010
327389
77135
53661
862647
761237
886115
181210
944903
951825
700955
600948
117983
130446
338466
760195
23725
595035
612687
821661
974800
47923
394821
36401
209695
229766
913676
159575
873154
395828
647986
661004
742159
148616
20971
352672
507288
709330
123300
245694
1202
620974
584922
278977
717868
633083
512271
214639
351257
224898
523094
24513
607684
903636
819155
23580
362698
208786
300310
319296
550590
485364
901898
656153
530771
356587
576154
465287
245516
511962
34330
557533
35006
180416
897733
996203
255800
441462
151240
592589
645660
799232
706240
556698
138637
868618
902319
622476
998718
294230
700849
703836
658371
287886
319870
145704
357644
429923
21422
836472
581900
599337
258792
292202
403557
943864
865310
703946
578811
150830
71354
222393
827342
83565
843820
149923
679898
293443
853102
824819
260413
190732
692102
363609
120541
617372
912609
572742
476230
565668
307083
726166
594294
442851
347798
973646
712518
294293
133679
681500
170284
45633
326675
874885
184668
668193
769031
269615
838295
21744
961843
345829
938854
802756
429209
302649
310867
957642
367924
343356
905287
546639
915093
167511
169509
671759
590823
437793
390829
77688
599769
23372
28726
537515
182654
605888
66467
668487
72257
973088
870679
35297
184658
16243
358261
406179
176742
758394
42279
289683
382831
943239
997359
137170
176076
886399
302523
47407
956567
740639
977453
870688
208743
939005
23096
992237
331009
897042
743432
747303
965250
18091
407790
670045
833119
8392
191304
347894
213398
400599
527343
521665
637103
781900
501959
621207
925528
85164
863082
548816
823502
640496
122960
449261
774375
336426
32097
826413
570651
686520
792906
792080
968092
473998
841169
571052
157809
492753
484303
554681
571000
737876
374686
305590
4811
347574
750959
715687
356112
165946
660828
584517
41853
702178
487801
517162
969479
119369
702586
578960
865133
376061
856369
264303
168528
785794
783668
846640
399036
661451
630508
70055
835290
453285
895465
696421
506813
540007
48948
470921
222837
444777
154951
489219
380298
910489
148165
989463
432352
894228
938271
150986
777307
432655
935428
350950
136801
807720
352538
587704
89919
324601
632399
963059
229705
985546
768810
829760
249805
381818
781446
200761
228201
507582
678895
89015
304641
621169
361951
550880
796987
382527
463779
739896
487594
267220
487395
643386
165530
751523
696919
107758
206559
938528
808334
487151
182950
694141
537475
74242
29622
512690
351699
612444
981849
850119
818024
911512
966906
512198
984235
705094
360528
632124
712783
566112
254048
148960
423350
380460
878498
22704
80285
817656
973002
728744
470972
47450
119802
810025
313741
547449
115471
189981
379220
748844
517871
811701
912327
851920
838862
951481
36747
647965
78702
342714
477572
188323
795526
886442
224490
680879
29440
665498
671160
919338
107140
894346
961801
660939
131603
44195
988893
483564
816956
664683
637844
932252
833078
873647
232158
782183
945692
310611
454379
465187
812674
996107
819087
427319
49864
935574
204476
653049
329583
16641
745816
106953
391308
670566
768692
587442
971977
978693
500265
781963
825369
919807
188001
207451
996655
706362
602063
494802
482786
530652
762605
116124
374953
123420
144022
876796
730051
465862
499283
495402
506558
940226
610684
675087
465906
94453
503500
474667
965644
229826
405334
336529
874854
974145
494400
289950
735282
717434
722691
248128
748341
717469
829226
404638
954628
221663
666406
998784
983877
139523
937892
718446
883497
446135
741055
144360
597213
918010
195604
421121
435094
795568
150525
74232
721655
52410
83849
381776
993607
189049
663954
903308
778357
901219
816317
968519
815373
138055
228855
877390
286389
485616
175477
899460
316204
796628
225697
488159
203426
951053
769335
784043
449625
599677
482738
658543
888498
57779
312137
229359
464422
911334
670415
191278
815019
667784
764527
622985
852440
888107
765880
710094
332145
705521
830322
625925
892604
509883
526544
32378
117993
396873
505786
472336
649128
620349
257559
625737
734120
783985
793467
15022
621514
538323
784697
137055
71116
486789
395944
80346
845121
911507
156955
823584
543769
339326
974925
646301
874005
380798
93839
551103
645546
906590
13645
414739
705854
841380
758151
947903
95548
705289
784595
419369
29466
31967
884715
870000
756672
410659
836377
170660
728560
221977
102637
864284
811871
637081
37753
954519
952166
842816
492458
161903
688581
484052
92434
384202
558067
214730
740333
476242
404766
573392
415450
311219
147498
931714
239178
537409
84872
256430
466250
259696
848442
607351
65623
733103
317660
800195
294596
965644
479811
614901
128138
640009
822734
930891
394388
277886
254182
575954
357496
803050
230426
40014
878337
61310
56555
629524
122931
597714
629535
257671
719517
33889
852727
502650
591095
22163
125784
576784
194386
388145
5870
561404
183381
439169
483444
246985
287333
675153
384992
986538
632459
217681
663635
77552
173088
27442
597729
121978
447829
107221
11591
148332
592137
521203
586461
656750
536989
87219
263178
762948
489739
133494
689255
650519
615448
861506
765122
218806
482903
731632
440070
581432
829430
821385
470048
769347
995379
207843
421256
500542
23758
142382
266166
417867
349512
103768
86393
358899
199941
612550
234174
158474
237747
193626
810647
622704
274448
708847
597738
802913
96153
135554
804609
180685
944719
156668
570235
648188
445709
379978
838810
332416
318519
800085
548888
757012
828007
886471
40951
281171
989196
339443
592384
392525
38615
593127
728752
723654
821163
252887
910027
222647
916939
695309
860588
208437
590330
890360
24069
473240
476054
927851
852893
138956
741966
934386
327778
141666
149667
514109
161157
310520
528500
654542
412814
709770
250198
670188
952388
132138
822090
477244
984314
34615
28346
43425
451712
876391
833117
303200
147837
546526
846513
148024
111974
516073
575755
388171
449629
129848
299822
369548
473274
463413
834227
99331
587252
783034
351751
970910
595198
90608
65015
877945
456092
419294
238757
800759
994166
780210
649019
415072
707055
439871
918612
11798
440622
623480
207687
810164
767526
700772
35546
896432
968478
882850
35001
860519
406811
953496
373017
707431
535980
404825
885811
101826
446692
34634
714252
307589
3126
638064
312548
725405
916897
747747
333931
927859
563027
649327
678407
171149
30666
145934
183668
206577
788314
999032
517668
10267
85079
350664
540947
781663
599914
562179
553381
268411
771101
67290
977211
995056
307292
657926
10017
626235
919892
351558
189359
372505
255693
450732
646713
954134
549408
608893
127821
885490
269307
367640
751342
36187
557028
416875
299123
414294
141381
923840
139471
902874
932177
61567
764498
359882
88104
876417
39032
31448
786083
866880
196600
718678
739998
119646
930357
344122
213025
914936
781978
782391
924018
838150
46768
417656
153011
991125
377108
790496
32332
788252
454361
581837
627316
890099
156197
779990
232120
845765
948793
514471
505568
617989
811903
268054
109427
173126
39444
668786
85412
391164
600643
490998
480957
429425
147216
429284
457495
119817
936239
211700
972024
341288
740637
447840
73296
194513
388286
517514
535961
292250
900939
662198
6817
517144
347926
134730
563779
986251
422528
557304
987704
423035
382850
929707
974088
754971
723602
231646
116960
757125
896602
178115
11068
625155
543791
905500
563203
550889
340438
839604
770539
596067
298188
195232
611739
40512
472535
825217
524392
41607
644084
892623
440755
652607
631468
323160
820955
692999
262205
916729
250055
402741
665267
586664
5554
558378
882018
724642
349529
49783
374776
266672
715096
686097
327636
371323
818221
274875
469759
974198
401700
352714
735226
837073
300097
694006
419444
998866
848016
157404
716581
924178
502912
219130
26338
541966
970583
26999
281579
445620
744756
220392
274390
622725
262490
273417
162994
750798
631459
78966
48539
708099
28282
118480
235477
396530
578562
768290
325746
366930
824609
56076
996844
862101
787077
361983
559980
322446
922725
77469
792943
294331
937247
474135
779282
799949
791102
999422
557587
941245
422464
470547
715386
474517
342935
430659
59344
884994
178692
305083
133781
394533
676541
225774
314889
820190
686810
813659
464915
44277
502065
28810
315599
382598
383599
672157
918280
66299
203381
536281
52314
755909
101970
480861
789078
691566
6113
252772
899741
531755
446530
474483
196302
5093
201084
86444
972409
974969
90559
938744
975240
984898
924574
524586
674497
25375
365663
953586
279378
821555
154916
396457
186865
832628
280468
903502
759606
624138
529682
510469
411031
173477
55833
72881
868900
975753
844454
590388
876228
177078
239757
565746
934359
493779
213517
859737
116098
689570
413866
78274
171351
161340
977971
115680
376660
664988
203364
123270
535893
915409
921388
287993
797708
353762
907394
642749
100706
40362
142019
473772
333300
973319
875491
902027
942210
35943
913753
381430
771202
550110
516478
505797
513822
609325
559750
415525
364712
924988
338326
176341
143772
298566
959868
975346
693019
546257
678944
802017
15248
227287
135953
965744
261268
81879
955032
91685
945351
875746
922453
516324
367641
310356
56402
69984
216217
344532
194240
609201
902828
223795
919763
792335
487775
82465
407645
472404
145519
296703
708188
583520
63853
848241
661496
820664
951700
825681
751571
267903
675231
780748
603246
916661
737846
586078
379299
22299
836435
528382
563012
150681
697041
760502
924552
72188
270799
374207
964924
434652
956105
151627
882342
413750
695189
661690
409671
68103
768718
691939
510353
371691
635243
892280
468500
1388
957647
916868
975660
460649
140363
349233
297015
812342
340772
522320
634448
312346
58573
21489
559086
401183
116840
147045
333260
611755
742879
484728
625800
584138
417472
605308
884569
292391
945799
131119
755540
271488
697107
855746
146844
898068
520559
620196
489773
975047
129819
505923
583976
294606
322898
486760
649327
344621
772551
248689
791604
706658
635346
669332
50976
110904
639094
194916
410316
158149
387945
438960
782270
244850
266101
405294
310625
493696
852006
769655
331428
920761
192078
197805
450665
467642
191018
271859
991164
750309
858933
65210
473171
802265
7626
981690
312867
60789
349697
180322
60678
821637
330170
637856
241107
577234
43426
294743
144739
444113
330257
730292
543493
741340
999630
122155
51111
587230
800740
292814
39538
72166
267184
526480
787532
323580
997082
517850
184009
189521
612621
59341
714658
768998
426586
70574
806116
113040
456309
294602
297459
959743
10300
906968
208580
817857
97099
152167
102192
15416
885014
988118
408494
499017
410210
230475
189274
49928
802996
836790
958771
813385
155674
160332
329541
533006
940810
419218
566693
625571
393915
38660
198570
697759
551141
610393
65266
935872
905037
424866
668867
219945
292694
141271
922820
161637
958951
604845
232059
347367
824572
557571
837507
159719
636583
953598
285946
282645
993055
575795
958819
69736
987795
90006
701207
740501
895827
421386
226551
669449
367322
984319
185874
394869
62087
70298
491876
298803
755706
52340
456983
747624
414132
841621
293755
693816
925603
893465
780399
145899
125430
891946
138815
525334
409960
338758
448926
818010
306711
521749
528277
16397
93555
646224
821957
132254
686511
73014
928803
640704
681071
269572
246658
204227
790891
388005
617837
745290
845393
673516
285728
84658
772083
455693
782771
86872
681948
547451
716599
124999
370569
111518
396601
623756
783074
626562
822004
211156
347938
352850
547524
222182
497338
934113
168949
343904
399120
277745
667137
226303
117718
443265
147167
839170
998115
111584
231451
642327
417330
194152
832072
390293
216350
656046
421931
230746
323524
817991
609277
736733
609198
265477
424020
292643
116406
209646
643334
142134
614286
477902
810236
94059
762111
33720
59187
603469
742472
646652
649360
386752
304753
748316
361076
821953
768713
313308
912304
778502
154751
129058
620920
739667
516602
313998
985453
930538
282287
772515
886892
69423
755724
325642
139013
683041
226004
84482
951680
78303
620690
319882
339060
628710
410906
324580
824306
542810
745843
30710
121221
415039
360526
917457
796019
906206
815583
86982
652123
111715
688069
731525
502083
575063
125045
733030
64674
42816
636574
822384
364662
2742
584798
552926
535871
8802
713574
60071
480115
295290
803203
552320
489923
954307
278948
983425
805885
37646
507573
955892
852651
186287
624561
838947
939379
765438
833698
578478
894622
867468
564299
539627
755274
566380
922475
77100
907063
301857
733992
221383
419584
15747
851093
87753
157428
920499
590427
374864
87979
742345
330216
689458
880997
821568
159950
627963
207440
974285
698119
737940
383516
532216
64323
699821
345317
149614
856449
494004
241573
705600
106818
18292
158956
938512
785512
322686
357708
919055
532523
936032
359600
731956
855030
464292
467908
129128
689054
227341
338701
934561
400645
657208
474774
446461
738549
237401
66787
619644
971390
270413
849924
191325
38450
591184
678655
120463
320976
993487
226761
517413
515584
847739
475103
653482
549669
73462
656995
191397
925424
382852
870779
924614
315215
101827
789106
498561
802834
611608
594214
853797
997405
87255
248067
982115
957036
617578
801091
956562
235653
325434
200664
736156
826362
527489
154296
656256
498822
56535
751396
970368
510399
526076
259484
646380
241768
729697
404673
936464
934798
902779
94644
497899
897696
82836
868480
53496
462657
187607
576762
586036
580516
225844
164646
735952
440410
801134
338812
959332
890526
437228
694989
339168
170900
708083
746217
449073
626430
905549
53874
300368
912649
35383
523040
331890
11940
775913
12548
596209
901768
849874
460431
856463
609549
207464
824445
908717
738159
757407
378773
510379
774388
723714
504231
628012
267228
711674
488143
192341
76806
604059
360497
8368
381777
8009
674022
398093
515363
200385
161440
692508
669197
624701
899696
670349
145207
718022
8330
643138
895618
471055
732301
803944
43805
499070
783190
299390
608198
725677
395853
870622
715995
519268
653978
854290
332555
821813
702935
128894
719240
72344
51177
428508
52633
555044
915426
910227
605051
388118
664899
329155
784120
309079
42818
304780
618314
355915
831640
966281
618414
101855
483458
778926
927232
8304
234048
855203
851347
938972
854550
74640
971142
390761
736749
904900
498915
66992
514839
43282
556908
247071
799168
986804
797706
972822
88346
628264
28515
137655
31238
268331
6779
732883
900181
521343
894803
75653
149044
483638
998001
438665
342868
267566
578316
150957
47432
392081
824777
651668
740088
976796
515471
24759
564239
771673
240584
231655
276465
452848
241858
70687
709392
164586
101200
187608
524757
95223
510662
743736
395820
877022
913373
933009
510527
995500
486900
345295
387973
845544
686268
810609
180368
211678
671056
141715
174089
258319
327256
337157
942281
738846
780632
803734
64474
40869
289508
271196
209656
482793
601345
726024
362044
624244
611485
172550
855920
774097
186119
562543
247145
606094
456826
628654
901112
16158
802428
127290
940793
790213
334537
535756
51837
142475
731795
348168
748504
942409
605228
626280
376255
261169
721668
296252
576875
592238
929773
746609
956676
972326
575765
442679
552129
240874
366570
944304
112050
356439
194280
341110
103855
207675
247437
249294
883495
993647
604896
602847
788155
470806
834778
475110
750961
790533
423642
698051
230365
784118
145252
203957
23085
555071
506544
502975
971620
604106
822190
496465
128120
338977
728262
386228
622557
921711
505940
391397
479441
643252
25807
653096
394938
489652
652735
719478
798589
403716
288175
832441
346744
692647
426550
881639
745260
543922
37032
228482
421985
680876
53850
866157
162563
919448
245676
385963
684720
342120
190546
325223
783676
247958
750066
734419
203281
265285
865928
218519
307156
201920
29070
39536
967463
380498
73731
282012
413380
172159
715423
873435
891803
609256
644862
638022
581617
533708
632159
817031
35360
431230
937001
260042
464331
244957
350651
566734
862993
944518
590226
515137
599465
172329
581157
823493
586717
885445
934129
507873
956981
397892
2685
772186
53539
798222
404150
157008
959525
610087
688410
410532
202508
733844
676575
308921
308330
157441
877127
585580
943174
903412
81309
736574
346411
369604
8395
569889
501492
483120
73654
571361
318434
20738
292993
767089
265676
668100
624399
21982
203955
129492
572317
333093
692881
76617
21748
253708
523145
758003
923595
653503
309389
393617
712028
806092
939990
764070
521029
849861
69977
102848
712622
83298
191111
876484
564596
426425
566540
279962
124598
726125
454960
898361
355843
842851
520396
18802
96305
191650
659191
9053
456570
749511
481295
536999
573109
889165
69687
180504
452998
667212
312900
36599
38172
788861
221799
987243
937870
59771
43917
460679
622271
431769
731542
806271
804290
445056
325975
494731
252896
658980
331002
433740
788147
679941
823881
839731
576285
884997
351593
945826
564133
904444
666651
352101
428775
606897
166090
800462
850888
268874
171417
780261
645968
597333
402331
717851
322591
807618
529132
130974
601818
397228
414574
810795
880791
246559
448380
307859
814695
23547
438466
144690
460087
381151
116849
608898
720022
27370
569052
905351
767725
775219
17440
856303
954547
306693
937340
714901
325928
446832
662244
818154
610053
861764
922910
456435
714823
322416
767949
579602
623159
389540
79717
982656
987871
762725
795540
777759
923319
457203
792670
235771
45875
539414
684240
75868
862723
784355
94640
336873
247593
420324
233048
679291
796795
671680
569314
662875
91010
260074
598941
648833
280773
84594
206197
248326
110891
90587
297445
452344
538345
505439
97674
474299
515612
62331
270948
260908
449927
272291
938716
343879
930735
79749
383764
527020
629362
890834
15255
990521
808655
916092
922906
638690
296548
189078
589184
761069
155705
174520
657457
991190
440494
237585
902012
80122
122356
625616
554931
616879
141530
36043
524090
597320
478475
613992
871712
818076
954678
31452
884498
956579
165045
949033
849378
381683
961314
820916
57229
681155
636359
379879
460659
481592
168075
200199
393809
109942
430507
337984
872212
285255
682555
165542
116171
966949
541445
863925
923549
793175
817433
23579
943218
480314
181650
6164
6456
885058
492528
40143
982562
563343
290055
556490
711230
139856
253731
807233
144527
858794
467407
812770
749470
121381
668552
829931
987046
945084
3648
269689
646160
860098
207623
471235
286930
125692
59145
440535
251372
121080
518281
213180
575557
284209
843340
267832
289951
92518
408897
496687
539050
935080
572162
907831
995607
453288
783675
983021
44302
372825
731202
111896
71596
660489
428611
891311
71160
70169
222078
310378
280695
73162
203154
455978
236814
85089
414235
442934
518126
611953
422188
38203
355004
74905
531587
797968
335053
356123
321651
1677
62411
404156
468305
38751
255272
630030
389400
783035
381212
638827
689017
966724
884790
267740
821083
501305
182406
426378
775355
338865
971539
479425
903467
67621
242735
210758
321652
623701
889396
243959
769542
708570
239877
650249
335945
379901
20521
128046
473306
757817
427684
191768
193045
877125
896384
636007
94920
663755
774278
688459
674087
903974
548015
796589
530976
560400
498260
345435
49652
10690
142897
74772
8774
342066
722682
645999
333109
417847
289021
658962
506784
618003
674902
758673
75766
265832
590262
648075
517030
828183
643173
59575
751264
513794
944193
97083
544804
94576
567442
982848
360587
405219
134921
809605
192722
369400
36123
936153
831285
462193
513097
328593
558672
144168
138647
663609
544396
376684
471579
7279
544343
796891
342678
8291
246486
306609
770593
609914
277256
906932
385341
873925
868735
713879
285772
552592
625740
889138
423042
561923
313748
191320
935272
511510
547569
747183
725902
766182
756536
464019
568333
498375
151099
702535
449659
624090
850356
883332
452374
902873
473241
871507
750920
638536
996612
61030
381878
493868
424056
852658
917087
421173
223457
623956
433470
899297
114552
250448
321736
919667
886425
997096
213944
23034
476932
117320
618410
589361
191697
158519
792616
206977
321687
142651
980450
129045
40184
365267
602720
417397
664737
141473
116399
749971
916702
805771
997656
289992
808908
26037
932206
896160
479574
271223
849332
880471
218617
633313
404914
695958
765792
555042
909900
883898
490260
26980
184727
300814
750464
869094
723180
454323
902260
904697
566597
93976
947030
870577
902133
803962
312332
74947
833420
503809
279934
124488
239485
551828
869893
390881
829102
827382
435508
460299
553765
242771
40652
233196
207459
30362
153670
610959
589243
515362
719643
720826
409932
45262
877871
311262
412255
182105
112364
580950
837162
830610
223425
297025
178061
181234
680959
58894
140844
624251
364165
234315
435808
882701
426864
454625
10647
910395
36537
947532
357720
485369
120432
466711
124495
38264
104955
806014
899691
313360
248402
517938
783809
680175
207640
375068
591585
800656
581761
60999
456191
585260
260992
758452
136024
808504
174115
895540
753497
935872
264717
845390
836853
867187
711650
620098
801616
666659
234624
158670
731775
447461
70429
264749
694589
666463
880742
387430
685742
773870
655734
143734
172796
991883
828227
85460
218748
505443
378111
738030
679556
402341
846613
633454
598644
49991
534052
135250
152280
397991
98280
189228
245955
770562
189762
338484
259175
29355
9266
307616
521696
405975
562941
527937
684371
222779
129456
933341
681308
927066
365406
136466
596092
117733
925726
581096
366131
315056
974368
474521
882181
533239
652018
516730
225160
329339
409553
488068
747331
999697
858771
221146
212895
37312
876207
834402
760360
228870
912809
516750
533527
385882
870866
889834
464850
487390
870929
114468
847663
703847
800386
950481
531823
396439
705133
856531
314800
983644
229074
99658
490244
515594
172119
264022
77478
199775
474522
562767
951934
58772
869829
256338
32104
156572
435856
152718
109629
399857
759056
277482
299012
858279
831048
305072
545809
19495
323405
93100
39742
407383
884110
585754
972298
619755
592653
724762
449161
15096
239038
859088
945784
547451
926905
662458
810830
379866
590285
778456
423540
891854
41320
563788
161536
331997
303981
685932
269107
690838
108108
899217
436353
411699
168696
65718
303266
640102
178420
871660
727503
533601
932288
202877
947309
334540
47465
324071
916178
838897
858885
122832
426023
922537
614671
255016
315404
375147
240696
691807
89992
497798
60788
496313
965038
302285
83856
347761
946288
929902
978392
42778
949346
425534
517525
411948
644093
574044
502833
588034
700759
84435
487570
71639
445215
709909
562097
289061
499070
897526
998532
460387
904765
565799
501839
410345
283123
723473
481993
108124
429274
110916
70469
357710
173297
460850
264005
454961
401022
617242
954241
524280
782530
773709
148604
485968
759160
792983
535306
198121
517381
840771
866842
18224
484148
336931
463450
482000
771296
782508
653372
233491
293292
436994
200915
96460
656688
575860
76399
705688
844897
850485
285737
531841
216618
964884
588843
303117
422094
433872
315767
359815
328547
43546
531812
127177
208048
724131
18336
834425
484843
266916
516969
762560
27645
453691
367442
107121
107113
237338
171817
465765
157691
674300
949418
398304
685289
934180
608218
836507
656991
914807
195289
102159
168552
513053
995907
319365
470068
222184
543251
395770
200879
819998
117522
99021
700527
208376
428387
134293
494954
895680
892865
350134
747480
641484
230692
717221
923929
308396
847961
582299
281142
352106
176644
186285
977139
105600
427805
915336
433530
475104
697493
621011
53539
799000
500253
980601
93122
164154
915810
59509
75349
850158
457885
887678
649983
691111
487168
692110
874094
176871
957056
970885
183334
627172
816098
840044
934677
742424
516121
177736
250397
846504
757047
257948
536385
279014
904077
552378
693299
247382
938581
455558
258212
432255
601804
897746
522372
916431
500566
570069
786125
433302
342766
381536
187084
887170
569798
794395
236550
27968
580985
37581
882844
160711
389553
13258
162179
717841
723288
509815
271498
939385
46161
375980
863621
601195
8189
16509
678601
602695
381940
475293
525321
127225
943482
633148
352277
865083
463712
497730
94262
973884
907437
103233
162117
319643
863489
418114
438333
522714
272328
115389
77258
376616
538068
906860
996316
163212
553877
637103
62666
242931
107561
678681
538754
917975
212374
28620
612609
788039
191518
371424
611309
546989
448475
859223
7315
733553
273229
375904
222911
678721
555121
174181
398343
354001
738593
609505
56048
278535
677356
334389
921329
33590
110258
203547
793186
371754
533582
127476
672856
618006
581398
249659
422937
412622
296740
671099
584395
263592
342410
403545
915123
212646
806013
236714
257876
715085
797187
217493
437649
632483
617631
169376
566209
233479
50017
551815
713252
889013
257429
935104
365189
899847
275489
639112
940739
755091
400131
766214
416096
821156
614974
793942
915344
77087
114271
865408
362680
426299
721100
80625
132691
515352
752810
542960
625048
436598
720260
161544
264226
784220
608025
546309
68241
792481
342536
621089
552245
233372
882103
463733
175178
51570
370223
1077
602431
274844
255823
424493
334538
694306
230711
626719
225267
405342
845704
427292
251665
126033
150407
983110
473234
679435
805521
263356
886909
144801
362354
455996
108030
745230
364659
226998
878889
370154
78628
763404
800910
653211
695312
713262
44576
161301
33327
989323
559485
16945
898678
867195
170966
886755
337742
881509
652127
292471
701654
410775
961816
737973
878537
898123
603390
266753
302262
291052
377410
766008
380083
77416
194194
82909
963148
135174
139830
607192
298154
18731
454283
779046
104942
732498
818172
658789
87219
545827
107175
968338
507323
189110
925156
973409
901031
581602
362268
780198
133346
529984
315960
901201
909056
299871
210754
877104
487204
254289
317786
448417
158471
985057
259358
347579
754201
423831
908866
906654
39202
775566
151663
462993
665463
833621
7918
207134
502676
535356
208744
281542
342952
159993
16143
518793
299892
316819
245474
612439
867316
856598
224120
65625
838745
859511
684547
364076
839242
990237
57612
962594
214478
61298
685999
905280
537254
678901
222210
509223
843969
957437
960945
580188
859258
324451
593720
342557
412223
851191
853421
901826
918624
609329
852536
439870
882633
955378
342778
960335
452736
57205
768563
298152
507896
375732
585908
386211
346631
45185
458956
401008
840722
240797
423218
79657
98546
57832
839466
619536
557747
392695
639444
910284
123987
30478
772451
966092
555606
38491
37662
179367
632342
582247
487859
474242
491217
425595
129289
333838
653062
21275
553885
987691
549536
821882
120837
423735
91525
985810
552599
261541
388636
939088
613913
543623
985846
168507
152432
138162
914319
309775
81384
928394
530170
469949
478439
214030
272251
882263
976860
389071
112544
798302
298913
353456
964780
263337
50289
814967
709227
920678
634675
123390
157595
886603
231270
784109
224186
441187
111373
275452
374624
410893
732959
582825
670875
833092
541677
460804
678636
767874
632832
80911
886889
50538
144772
63093
219564
557163
147527
845640
329013
884696
90507
39488
852850
497101
776156
308105
168865
3541
669223
802516
330529
259859
23968
538501
79858
590350
442485
858079
984246
651711
813784
772028
841411
444114
952520
27084
534634
40545
729068
388869
724308
719651
621667
421852
859237
896106
723874
139405
465824
250329
476084
634387
108928
669792
639331
784072
372436
65197
492757
7735
202960
481324
412204
684232
607129
216699
283373
619447
484872
381304
924548
388124
394973
848197
320931
666660
700279
828349
329338
275250
30576
989736
31600
680738
332254
165614
614255
404510
998652
568741
490298
927425
229757
929564
953458
38371
501448
465460
716304
565947
842995
507478
618525
653263
621440
77172
57588
585968
124409
558316
252086
486176
918611
162104
750929
291826
957662
694274
155209
109439
271223
165798
295748
78360
659460
614371
685701
663788
467318
650432
201739
888258
270390
593809
115211
474518
815101
141364
503203
871293
118709
57563
762675
307385
835225
827929
662162
866010
694609
347599
506867
259385
671994
885065
535918
559453
704632
69455
180986
710090
601032
202248
730752
168259
790059
778280
942784
763950
446116
757643
194458
433781
206015
474221
41413
743710
759050
449155
475703
408321
610537
515038
529504
850718
553347
675617
277736
316458
237149
858566
532876
401491
444493
410841
648897
636005
835804
798984
705144
628626
553072
923296
567256
275522
815479
130077
664668
51545
116131
97842
875378
914116
447292
985131
662553
911890
451563
527543
279621
865814
41515
280093
768904
1458
621472
404420
132183
314945
162239
447174
669737
699381
988712
544783
71255
369127
412322
405302
956906
832529
792639
856222
527706
456238
211256
656658
900060
634902
376209
82002
373724
643614
828816
284477
226831
57789
674838
965595
632429
967840
84500
395415
274127
369900
331146
783608
284771
834197
920092
410259
733751
643278
811983
886852
121663
565474
35831
309613
33687
284486
288265
161620
681063
744049
168008
586150
694401
55912
801931
171752
418044
547071
149812
898666
793066
630436
725817
201854
565459
702437
935660
270585
813332
730767
356422
37459
84521
506712
219858
482606
726608
196852
67786
232401
719448
489197
783633
388659
977830
608972
708730
475210
170767
616461
818006
668089
801534
732928
262614
738121
676757
154699
388064
181394
637973
626051
939950
472001
1724
150684
65751
621396
682865
315880
415602
6182
476739
221314
274392
760754
923173
813942
604787
288072
6256
235687
858055
695169
966694
620112
466304
345352
178458
903583
745246
97062
259356
817594
535654
787445
189960
628398
551428
44917
542998
295647
238024
511829
460151
564553
106849
650971
718313
702502
246187
421089
560155
157193
911203
166757
823530
108541
510158
706117
682894
169779
223623
296726
871234
574983
204141
841535
966495
207618
106320
903691
302170
486234
314125
588757
421705
147856
334564
770981
243676
746506
813500
68087
729584
353213
121521
968246
492071
262046
791739
111800
632477
508628
967342
833249
889918
891436
198409
931188
193253
841909
347924
888803
639136
599109
901382
297337
267975
963237
581997
274028
770379
124177
3388
654842
731501
772211
31634
615848
107269
705297
719809
414539
889889
5147
131478
647156
104754
788947
444969
629026
622294
756449
756721
844581
663699
243918
358331
469
276936
326980
80343
654997
77953
846205
752202
516537
816886
279387
975126
792857
888139
682002
697828
537625
280445
749297
489626
165547
912021
817235
804530
516354
97323
64822
247855
847880
985844
35974
422453
360666
962672
658093
293709
467625
875779
741878
319496
185903
292023
238366
335845
661958
497704
431313
467905
998865
106071
331404
401812
179168
493046
158150
121501
350845
296934
813370
670393
378475
328403
911732
90229
409880
538637
154010
960711
897653
831602
405618
830626
336042
695271
702717
85560
226333
342442
55009
444347
326017
219655
436360
753365
148419
664478
68296
937217
116751
662678
214871
997944
644933
575692
563295
556531
983945
621762
569677
312074
224471
528676
10833
147601
826072
288674
379805
187138
554392
322284
220787
596664
815780
160713
202362
229489
666540
932313
77187
721952
774150
790624
18687
955327
883736
335925
837407
230059
465237
536425
435667
169558
595788
743196
915644
350147
614614
304714
275928
256152
369078
982520
337587
793019
160563
43962
105525
403066
814489
117868
807770
554406
544390
181746
979609
344786
16415
536101
121226
426707
663136
237405
673318
882489
978210
515289
542301
23988
466194
256468
797681
313442
799541
141331
227765
857829
802998
449153
684998
322064
219887
337940
867483
389512
741636
699674
811449
526204
427150
369824
506022
182405
445990
580629
426764
663804
947703
899571
451638
619532
45370
924510
636308
948768
530588
180160
212172
102238
644721
149892
885302
817491
635655
268757
587735
807049
835315
336506
58341
988363
623438
352362
82607
813219
276640
204614
326357
897543
141156
884027
926431
823446
673672
166234
506062
628976
96046
221355
666114
621490
80537
549806
418498
566103
791697
421520
246687
695468
298351
498684
54955
250206
868696
943518
135327
121482
997089
609295
952628
181280
857330
420971
975299
698
32062
191032
450746
59178
903806
310248
473061
392758
189268
596558
966402
979960
530570
804754
557586
941128
517419
304949
958126
526798
238905
400092
597236
902648
909600
193228
784619
308545
434
673777
759604
593092
35502
830660
780212
792308
256894
922051
385817
894693
284925
78051
124973
331508
667570
613204
811136
193869
470789
994006
848481
806034
910580
706008
469542
719457
634831
640899
398173
307119
288845
359980
831449
198462
898075
914562
639352
259392
855416
65517
760901
484971
654261
625693
934032
364767
443103
513799
620977
236266
380622
406902
112959
511838
554263
935467
424300
763508
472577
904603
127696
320160
110031
339901
640539
730335
111427
602143
344327
187105
289948
739858
203831
309839
643946
200681
64779
502170
170861
275951
497632
562733
838584
27029
899473
100703
946276
64723
626571
579566
152719
106100
29532
236679
113281
756612
517674
641972
471925
775366
955348
244381
184983
176656
210416
95890
526237
920013
68583
854850
70573
708200
142875
262609
454590
979115
72079
57281
397791
514503
950530
76686
739481
422765
890536
658552
975306
485208
782562
87065
584372
242707
220100
542277
112762
531223
102495
556518
673485
123106
428154
77730
497530
821441
929338
679742
683993
586937
448227
917693
187823
255283
611107
817799
443327
92219
130643
617304
2808
727479
602769
37460
75
916557
995546
730598
139231
597668
329530
236046
245424
147895
333095
849097
595677
995943
524226
140506
485624
581453
539392
121068
214407
280032
255434
1902
89443
522495
515022
751380
960671
670708
941048
880463
470709
583555
637090
898876
110678
691523
772467
754377
288787
267641
951971
629874
292545
361716
267214
438620
824869
741281
101879
144523
826395
553924
678426
3808
330278
93522
274655
136821
610505
328105
290636
377775
628015
77911
341371
819342
529258
432553
185834
245320
66912
352729
17426
876418
532095
284031
593314
747579
47503
950954
809746
304692
291062
314113
997210
230174
354375
584185
578332
999257
6575
693042
911095
162547
711968
841033
656297
276367
865383
915170
250081
609520
595900
101769
366434
106729
377357
267491
558536
582419
733232
935625
8151
169911
767807
674342
102575
685662
996412
159030
95143
933878
919288
840898
983129
848776
553448
725424
997253
947027
152637
212661
744258
771349
409748
409339
47679
197306
721628
762126
921499
852699
579306
839970
428881
647183
794973
505610
389362
882058
695269
890074
565513
674778
504228
696382
769535
239667
440604
5355
656825
209314
412153
1635
843595
637995
288259
786713
308669
656792
307472
64123
984080
695315
867855
38870
466691
779824
48752
275025
956576
951451
423859
678573
742251
571266
856944
531187
907245
747435
274699
173588
224841
376429
767967
972656
569874
628808
736678
948529
797663
779267
825473
295750
659692
453408
497757
797604
719216
926837
446215
124021
27798
560441
70672
617101
158030
522759
914511
996389
994094
996323
958951
125816
285903
493349
81840
364496
914289
904879
522769
864391
842407
681659
206394
191912
820576
789201
682360
804877
680970
299553
893598
344779
102148
604215
379110
63871
494027
512398
305527
975056
272207
101784
887192
627984
585862
901258
172982
197567
150079
17011
910772
385927
820365
542677
18306
426122
688079
532100
441677
957887
469003
727991
100609
445134
531958
463160
135634
128068
533894
443188
229773
237848
582417
110869
892471
117461
669671
831709
583644
801958
382192
279473
244445
321330
614990
694733
198381
28689
677363
460538
125415
550207
912549
558360
79531
620045
596784
304816
593231
84089
60826
525201
380716
399313
725577
216952
625783
203968
824599
326997
837482
338234
555490
761215
114407
418205
533661
911741
804286
31517
659240
713337
745266
854347
270849
452406
96939
750081
224525
940761
831862
490202
308758
168979
800603
664436
678085
788530
263586
348742
627180
538793
912307
931448
472409
721248
57246
793332
599476
597139
86489
783294
156433
611290
860720
11404
518543
984281
263155
933654
828652
183488
323901
896641
261387
61134
185625
336244
725295
905335
983397
511900
766160
392389
934739
797755
637019
94953
229663
43391
409063
51390
888432
13714
229093
41402
261852
851337
486792
609865
2604
12997
68297
491870
740085
931732
122727
458753
402221
321021
547354
709286
952929
723336
972629
124253
128364
408193
769393
49042
805276
245955
208629
203564
534667
787912
437244
800884
683064
401789
449854
606490
927232
843924
583862
672369
634859
710502
911591
659529
366628
944887
164727
792265
195237
237527
512341
391289
532027
639359
979562
705347
583068
136172
351542
838455
19778
714172
486125
923394
371948
731074
513409
768244
963602
691481
735836
254059
902213
951514
398805
212216
871840
576211
290941
81060
818706
101810
770654
421358
716039
820674
895750
806201
167592
940932
269230
473926
266802
661443
178336
660703
359633
304619
145774
781579
174229
323440
736066
654396
224964
627144
610813
102541
954015
903015
998419
359521
787068
881463
48634
777884
465048
322282
134517
632399
722240
597543
900113
620916
428971
303404
586207
610688
311515
991665
68088
399495
181160
883992
638996
622595
697677
113844
684615
404425
91192
906240
373189
516488
351655
794977
851441
417932
883318
280398
449904
39094
695715
47980
100988
323922
396422
982129
119876
69702
572994
872218
826477
525120
898125
946147
904116
860768
173842
65317
226652
495103
27611
980613
856243
71056
233249
167276
277404
280
689392
535460
952220
248253
127282
734996
370526
23048
999834
694674
394260
33488
607576
599770
480717
407294
954046
445363
291038
332928
539771
204013
3396
412610
160966
871595
871815
376775
849046
822506
269595
580664
479457
870670
511339
549176
543330
623174
403789
941418
349729
74366
777447
74039
869418
807543
401236
815151
862162
218726
483385
82370
669315
675567
175105
794863
469776
835099
63482
735236
755769
122098
459926
866199
905659
342843
774301
682742
7352
776187
690358
226754
746824
250253
422916
595383
638888
291493
429645
528060
971757
802024
72717
761556
338191
694048
817454
745095
215637
159628
230976
410176
632494
234712
212750
696099
961155
781821
844909
865011
100211
21337
355934
538983
593117
467067
855645
670696
394788
976235
716063
588549
131307
605189
43449
426364
875151
844424
560970
363429
488211
36603
752030
504714
979546
970629
536465
975588
601462
963039
362525
287853
648359
607522
214149
908783
920298
121124
377604
718114
882829
623249
388496
439305
905928
67718
659518
218935
366586
856696
49955
368505
910816
198504
206278
450843
103742
725374
343875
989999
804054
202726
847000
465154
838544
285001
497758
392984
450928
161889
255513
485786
721367
55502
719420
249192
902642
144486
329062
864471
729382
9904
680798
908085
921517
864160
902248
8178
442720
262716
62864
461840
34105
907964
622355
565102
511618
415291
590173
275534
438485
848147
376194
809277
711878
515059
836576
23084
764982
479252
911357
919973
367334
144930
379910
359352
123054
217347
921850
7426
637727
348159
655162
298564
512590
472849
634696
340030
116264
808184
304875
253698
501128
237394
893142
833471
553811
620129
225376
817971
871006
230014
937090
707966
167804
346737
182346
733548
993443
118784
11122
210315
694223
251548
251481
503080
400069
274729
774455
329338
520109
709985
360568
529965
339497
479917
557985
640609
520190
962107
566773
314523
844774
401031
671948
785352
558946
222963
894778
16481
834724
111630
94058
913371
52555
775134
165148
799341
433088
321941
536179
692343
748652
